xSplit = 0.005

pressLeft 		= 1.0e5
velLeft 		= 0.0
tempLeft 		= 256.420677
massFracLeft 	= [1.0]

pressRight      = 1.0e4
velRight        = 0.0
tempRight       = 256.420677
massFracRight   = [1.0]
